-5384
84665
-75646541
2375237452
-74525814
7894984
-2574529487
582848
-7846436
26514689
-78846984
351436484
-8689494
3584648
-458489498
2364841
452375
2751684
-58284844
-7456541
274527
-852651
8446165
57832
-857448
264584
4899683
-689878469
325156
8561668
94848
-3689387532
788415336
93689
3668984
-849774
538
8956156
63893
-85611
753651223
2562356
894446
-63898989
34644
8586564
-357844
894846
316562
8798489
-344566
864847
366514
89894
-6389
44846
3845536
884849
-38466
584985
-489984
385
38465
-859
46564
31447
8888
-865147
32651684
54732
-78616153
973
895616
-6516548
33651
7541
-382
89515
-751
32615
-783689
3145641
-2751315
4538
-895151
545
-238
753
7486514
-898484
36514858
-89894
3651456
45164
-753
289
-3488
714651
384844
-89
